Genomes	Bacillus_velezensis_BP12A	Bacillus_velezensis_HD22_1	Bacillus_velezensis_CP72A_1	Bacillus_cereus_A24	Bacillus_velezensis_EG51A_1	Bacillus_stratosphericus_BT22_1	Bacillus_velezensis_HD51_1	Bacillus_velezensis_RBIBE29_DNA	Bacillus_velezensis_HD52A_1	Bacillus_velezensis_CP71A_1	Bacillus_velezensis_VTX20	Bacillus_sp_CD3_5_NODE_10_length_206036_cov_58454605	Bacillus_velezensis_DP22B_1	Bacillus_velezensis_BT24	Bacillus_subtilis_subsp_subtilis_GR21_1	Bacillus_velezensis_CP6_1	Bacillus_velezensis_OR21_1	Bacillus_cereus_A42_NODE_10_length_195118_cov_86233915	Bacillus_velezensis_DP13B_1	Bacillus_velezensis_DB21_plasmid_unnamed_p18	Bacillus_pacificus_HD13_1	Bacillus_velezensis_A25_NODE_10_length_40115_cov_95058220	Bacillus_cereus_M21B_1	Bacillus_tequilensis_DL21_1	Bacillus_velezensis_A35_NODE_10_length_55091_cov_104506707	Bacillus_cereus_HB31_1	Bacillus_cereus_A8_NODE_10_length_217124_cov_62062687	Bacillus_velezensis_HD11_1	Bacillus_cereus_HD14B	Bacillus_velezensis_VY03	Bacillus_sp_CD3_1a_NODE_10_length_122057_cov_60356313	Bacillus_velezensis_CP71C_1	Bacillus_cereus_A31_NODE_100_length_503_cov_4194836	Bacillus_velezensis_CP52_1	Bacillus_cereus_TK1_1	Bacillus_cereus_A22	Bacillus_velezensis_HD25_1	Bacillus_cereus_HD24	Bacillus_velezensis_KT1_NODE_10_length_143108_cov_90855010	Bacillus_velezensis_S2_NODE_10_length_119420_cov_99542847	Bacillus_tropicus_CD3_2_NODE_10_length_210661_cov_36066463	Bacillus_velezensis_TL7_NODE_10_length_122469_cov_82089401	Bacillus_velezensis_HD31B_1	Bacillus_velezensis_TK2_NODE_10_length_55050_cov_94299256	Bacillus_velezensis_MR21A_1	Bacillus_tropicus_0405_02_1_length665755_depth100x	Bacillus_velezensis_BT21_1	Bacillus_velezensis_OL11_1	Bacillus_subtilis_BPM12_NODE_10
Bacillus_velezensis_BP12A	100	99.993011	99.993530	0	98.003479	0	99.985153	97.501930	99.997787	99.994186	97.561493	0	99.991592	99.997940	80.788902	97.624588	99.993729	0	99.995972	97.986710	0	97.485306	0	81.316139	97.544495	0	0	99.996910	0	97.513214	0	99.984367	0	97.516724	0	0	99.998535	0	98.639633	99.993958	0	99.986374	99.987259	97.526566	98.056519	0	99.994537	97.513748	80.868484
Bacillus_velezensis_HD22_1	99.993011	100	99.997528	0	98.045319	0	99.995026	97.501999	99.998970	99.997574	97.521507	0	99.998795	99.993332	80.854630	97.642242	99.997131	0	99.998154	97.996689	0	97.521851	0	81.366226	97.535858	0	0	99.997910	0	97.528519	0	99.998795	0	97.506630	0	0	99.999008	0	98.631546	99.991768	0	99.987625	99.997620	97.546432	98.074356	0	99.995163	97.521469	80.883438
Bacillus_velezensis_CP72A_1	99.993530	99.997528	100	0	98.060005	0	99.994843	97.494003	99.999237	99.999161	97.545380	0	99.997017	99.994385	80.871445	97.656128	99.999130	0	99.998764	98.042221	0	97.510178	0	81.341354	97.540329	0	0	99.998878	0	97.532867	0	99.997116	0	97.509918	0	0	99.999146	0	98.654556	99.995361	0	99.997253	99.996750	97.553185	98.054077	0	99.997757	97.539261	80.795815
Bacillus_cereus_A24	0	0	0	100	0	0	0	0	0	0	0	91.723274	0	0	0	0	0	97.140701	0	0	91.921738	0	96.972153	0	0	98.052475	98.208710	0	98.322327	0	91.866013	0	98.114410	0	97.024368	97.385948	0	98.320236	0	0	92.111481	0	0	0	0	92.103409	0	0	0
Bacillus_velezensis_EG51A_1	98.003479	98.045319	98.060005	0	100	0	98.022942	97.564407	98.049164	98.059952	97.618164	0	98.023651	98.015884	80.890961	97.690811	98.060684	0	98.052109	98.829285	0	97.646805	0	81.294991	97.606346	0	0	98.045563	0	97.566925	0	98.044968	0	97.597122	0	0	98.054283	0	98.019791	98.055092	0	98.056183	98.044189	97.524200	99.995102	0	98.067795	97.632553	80.912323
Bacillus_stratosphericus_BT22_1	0	0	0	0	0	100	0	0	0	0	0	0	0	0	0	0	0	0	0	0	0	0	0	0	0	0	0	0	0	0	0	0	0	0	0	0	0	0	0	0	0	0	0	0	0	0	0	0	0
Bacillus_velezensis_HD51_1	99.985153	99.995026	99.994843	0	98.022942	0	100	97.489746	99.994064	99.996376	97.530579	0	99.996986	99.991302	80.871613	97.647720	99.994011	0	99.994713	97.999710	0	97.532410	0	81.336380	97.551750	0	0	99.995102	0	97.521156	0	99.997589	0	97.497879	0	0	99.994308	0	98.639633	99.994598	0	99.996262	99.997360	97.527328	98.051552	0	99.995529	97.515137	80.902466
Bacillus_velezensis_RBIBE29_DNA	97.501930	97.501999	97.494003	0	97.564407	0	97.489746	100	97.513885	97.486671	99.315575	0	97.499237	97.501694	80.861877	98.479980	97.498627	0	97.505356	97.521446	0	99.320312	0	81.426727	99.285919	0	0	97.502617	0	99.287399	0	97.503723	0	99.311691	0	0	97.520142	0	97.457558	97.498413	0	97.483902	97.478760	99.248924	97.558517	0	97.502350	99.310196	80.876907
Bacillus_velezensis_HD52A_1	99.997787	99.998970	99.999237	0	98.049164	0	99.994064	97.513885	100	99.997940	97.546585	0	99.998047	99.997223	80.800751	97.632996	99.999321	0	99.998596	97.997528	0	97.500778	0	81.415169	97.566528	0	0	99.999252	0	97.524544	0	99.995911	0	97.481934	0	0	99.999344	0	98.661514	99.993866	0	99.995865	99.997131	97.537018	98.070938	0	99.998344	97.509003	80.793549
Bacillus_velezensis_CP71A_1	99.994186	99.997574	99.999161	0	98.059952	0	99.996376	97.486671	99.997940	100	97.539993	0	99.995293	99.993576	80.822090	97.645874	99.998444	0	99.996902	97.995132	0	97.529121	0	81.387131	97.557205	0	0	99.997749	0	97.513100	0	99.995285	0	97.512512	0	0	99.997681	0	98.634964	99.996979	0	99.997437	99.997543	97.556305	98.071533	0	99.996384	97.522743	80.831955
Bacillus_velezensis_VTX20	97.561493	97.521507	97.545380	0	97.618164	0	97.530579	99.315575	97.546585	97.539993	100	0	97.528671	97.570694	80.847580	98.511002	97.537735	0	97.535706	97.557465	0	99.348717	0	81.349808	99.342987	0	0	97.543098	0	99.361351	0	97.541550	0	99.329681	0	0	97.549576	0	97.488312	97.549774	0	97.542618	97.543411	99.296188	97.589241	0	97.546272	99.349060	80.862419
Bacillus_sp_CD3_5_NODE_10_length_206036_cov_58454605	0	0	0	91.723274	0	0	0	0	0	0	0	100	0	0	0	0	0	91.713310	0	0	95.425758	0	91.587601	0	0	91.815742	91.797287	0	91.787018	0	95.126472	0	91.730995	0	91.624680	91.704880	0	91.817787	0	0	95.430275	0	0	0	0	95.449631	0	0	0
Bacillus_velezensis_DP22B_1	99.991592	99.998795	99.997017	0	98.023651	0	99.996986	97.499237	99.998047	99.995293	97.528671	0	100	99.992294	80.852867	97.645233	99.998306	0	99.995972	98.026886	0	97.477051	0	81.359894	97.547844	0	0	99.996574	0	97.511574	0	99.997955	0	97.506454	0	0	99.998322	0	98.662758	99.993156	0	99.992371	99.999268	97.532669	98.036026	0	99.995193	97.523430	80.854111
Bacillus_velezensis_BT24	99.997940	99.993332	99.994385	0	98.015884	0	99.991302	97.501694	99.997223	99.993576	97.570694	0	99.992294	100	80.817657	97.624161	99.995132	0	99.991547	97.993996	0	97.481720	0	81.377472	97.543152	0	0	99.997688	0	97.519501	0	99.991852	0	97.526672	0	0	99.998276	0	98.633400	99.995819	0	99.983963	99.988678	97.507782	98.056961	0	99.995407	97.545654	80.886932
Bacillus_subtilis_subsp_subtilis_GR21_1	80.788902	80.854630	80.871445	0	80.890961	0	80.871613	80.861877	80.800751	80.822090	80.847580	0	80.852867	80.817657	100	80.778412	80.846260	0	80.753090	80.835617	0	80.908440	0	91.406548	80.869293	0	0	80.766403	0	80.801666	0	80.878044	0	80.852516	0	0	80.791199	0	80.800011	80.772720	0	80.846649	80.841766	80.817093	80.923172	0	80.817856	80.850601	98.295929
Bacillus_velezensis_CP6_1	97.624588	97.642242	97.656128	0	97.690811	0	97.647720	98.479980	97.632996	97.645874	98.511002	0	97.645233	97.624161	80.778412	100	97.636604	0	97.621582	97.735565	0	98.485855	0	81.328842	98.514412	0	0	97.646973	0	98.526199	0	97.652100	0	98.530655	0	0	97.639252	0	97.689041	97.611008	0	97.621323	97.636223	98.536308	97.696846	0	97.649055	98.526291	80.682953
Bacillus_velezensis_OR21_1	99.993729	99.997131	99.999130	0	98.060684	0	99.994011	97.498627	99.999321	99.998444	97.537735	0	99.998306	99.995132	80.846260	97.636604	100	0	99.996567	98.042137	0	97.510231	0	81.333557	97.558250	0	0	99.999489	0	97.551178	0	99.997925	0	97.495407	0	0	99.999649	0	98.636200	99.994110	0	99.995148	99.994186	97.514847	98.070877	0	99.998108	97.504547	80.815170
Bacillus_cereus_A42_NODE_10_length_195118_cov_86233915	0	0	0	97.140701	0	0	0	0	0	0	0	91.713310	0	0	0	0	0	100	0	0	91.856430	0	98.071106	0	0	97.044754	97.035454	0	97.006454	0	91.740913	0	97.013199	0	98.037666	98.256195	0	96.963631	0	0	91.787735	0	0	0	0	91.950562	0	0	0
Bacillus_velezensis_DP13B_1	99.995972	99.998154	99.998764	0	98.052109	0	99.994713	97.505356	99.998596	99.996902	97.535706	0	99.995972	99.991547	80.753090	97.621582	99.996567	0	100	97.985565	0	97.503281	0	81.460449	97.566452	0	0	99.998634	0	97.518410	0	99.995544	0	97.481361	0	0	99.998772	0	98.640190	99.992897	0	99.996307	99.995872	97.520302	98.090500	0	99.997360	97.502144	80.857361
Bacillus_velezensis_DB21_plasmid_unnamed_p18	97.986710	97.996689	98.042221	0	98.829285	0	97.999710	97.521446	97.997528	97.995132	97.557465	0	98.026886	97.993996	80.835617	97.735565	98.042137	0	97.985565	100	0	97.502609	0	81.365181	97.591660	0	0	98.004684	0	97.586792	0	97.985901	0	97.596558	0	0	98.003792	0	97.988602	98.004173	0	98.019119	97.990868	97.532768	98.819870	0	97.985489	97.594330	80.833771
Bacillus_pacificus_HD13_1	0	0	0	91.921738	0	0	0	0	0	0	0	95.425758	0	0	0	0	0	91.856430	0	0	100	0	91.749939	0	0	91.767662	91.917114	0	91.935715	0	94.374207	0	92.029297	0	91.745041	91.883789	0	91.938400	0	0	95.358276	0	0	0	0	95.439758	0	0	0
Bacillus_velezensis_A25_NODE_10_length_40115_cov_95058220	97.485306	97.521851	97.510178	0	97.646805	0	97.532410	99.320312	97.500778	97.529121	99.348717	0	97.477051	97.481720	80.908440	98.485855	97.510231	0	97.503281	97.502609	0	100	0	81.406502	99.325851	0	0	97.495758	0	99.364532	0	97.517685	0	99.349930	0	0	97.499329	0	97.511078	97.516441	0	97.493179	97.501244	99.328278	97.615356	0	97.507263	99.344727	80.866173
Bacillus_cereus_M21B_1	0	0	0	96.972153	0	0	0	0	0	0	0	91.587601	0	0	0	0	0	98.071106	0	0	91.749939	0	100	0	0	96.771889	96.868858	0	96.861961	0	91.673737	0	96.889084	0	99.114899	98.491646	0	96.847809	0	0	91.811447	0	0	0	0	91.874710	0	0	0
Bacillus_tequilensis_DL21_1	81.316139	81.366226	81.341354	0	81.294991	0	81.336380	81.426727	81.415169	81.387131	81.349808	0	81.359894	81.377472	91.406548	81.328842	81.333557	0	81.460449	81.365181	0	81.406502	0	100	81.402435	0	0	81.397217	0	81.380104	0	81.363213	0	81.423309	0	0	81.417419	0	81.131531	81.265457	0	81.236588	81.296494	81.288101	81.314079	0	81.428802	81.491409	91.453918
Bacillus_velezensis_A35_NODE_10_length_55091_cov_104506707	97.544495	97.535858	97.540329	0	97.606346	0	97.551750	99.285919	97.566528	97.557205	99.342987	0	97.547844	97.543152	80.869293	98.514412	97.558250	0	97.566452	97.591660	0	99.325851	0	81.402435	100	0	0	97.557053	0	99.314392	0	97.538971	0	99.294708	0	0	97.569962	0	97.501808	97.560028	0	97.544327	97.554245	99.265877	97.593956	0	97.551460	99.288895	80.809616
Bacillus_cereus_HB31_1	0	0	0	98.052475	0	0	0	0	0	0	0	91.815742	0	0	0	0	0	97.044754	0	0	91.767662	0	96.771889	0	0	100	98.803123	0	98.634811	0	91.825943	0	98.712097	0	96.803825	96.863174	0	98.628822	0	0	92.085052	0	0	0	0	92.128365	0	0	0
Bacillus_cereus_A8_NODE_10_length_217124_cov_62062687	0	0	0	98.208710	0	0	0	0	0	0	0	91.797287	0	0	0	0	0	97.035454	0	0	91.917114	0	96.868858	0	0	98.803123	100	0	98.860565	0	91.843750	0	98.794662	0	96.843338	96.866806	0	98.813637	0	0	92.040894	0	0	0	0	92.135582	0	0	0
Bacillus_velezensis_HD11_1	99.996910	99.997910	99.998878	0	98.045563	0	99.995102	97.502617	99.999252	99.997749	97.543098	0	99.996574	99.997688	80.766403	97.646973	99.999489	0	99.998634	98.004684	0	97.495758	0	81.397217	97.557053	0	0	100	0	97.523239	0	99.994385	0	97.495056	0	0	99.999557	0	98.663773	99.996033	0	99.995514	99.997986	97.543358	98.040306	0	99.998039	97.524315	80.739899
Bacillus_cereus_HD14B	0	0	0	98.322327	0	0	0	0	0	0	0	91.787018	0	0	0	0	0	97.006454	0	0	91.935715	0	96.861961	0	0	98.634811	98.860565	0	100	0	91.833542	0	98.669540	0	96.805130	97.064011	0	99.998833	0	0	92.094986	0	0	0	0	92.131668	0	0	0
Bacillus_velezensis_VY03	97.513214	97.528519	97.532867	0	97.566925	0	97.521156	99.287399	97.524544	97.513100	99.361351	0	97.511574	97.519501	80.801666	98.526199	97.551178	0	97.518410	97.586792	0	99.364532	0	81.380104	99.314392	0	0	97.523239	0	100	0	97.514359	0	99.336189	0	0	97.530258	0	97.449951	97.546059	0	97.504951	97.526299	99.305763	97.588867	0	97.517815	99.325775	80.865524
Bacillus_sp_CD3_1a_NODE_10_length_122057_cov_60356313	0	0	0	91.866013	0	0	0	0	0	0	0	95.126472	0	0	0	0	0	91.740913	0	0	94.374207	0	91.673737	0	0	91.825943	91.843750	0	91.833542	0	100	0	91.898933	0	91.600266	91.647858	0	91.855347	0	0	95.011658	0	0	0	0	94.976898	0	0	0
Bacillus_velezensis_CP71C_1	99.984367	99.998795	99.997116	0	98.044968	0	99.997589	97.503723	99.995911	99.995285	97.541550	0	99.997955	99.991852	80.878044	97.652100	99.997925	0	99.995544	97.985901	0	97.517685	0	81.363213	97.538971	0	0	99.994385	0	97.514359	0	100	0	97.499313	0	0	99.995979	0	98.648300	99.994003	0	99.994965	99.998932	97.552002	98.058678	0	99.992859	97.535706	80.880066
Bacillus_cereus_A31_NODE_100_length_503_cov_4194836	0	0	0	98.114410	0	0	0	0	0	0	0	91.730995	0	0	0	0	0	97.013199	0	0	92.029297	0	96.889084	0	0	98.712097	98.794662	0	98.669540	0	91.898933	0	100	0	96.856316	96.917000	0	98.663513	0	0	92.191338	0	0	0	0	92.180840	0	0	0
Bacillus_velezensis_CP52_1	97.516724	97.506630	97.509918	0	97.597122	0	97.497879	99.311691	97.481934	97.512512	99.329681	0	97.506454	97.526672	80.852516	98.530655	97.495407	0	97.481361	97.596558	0	99.349930	0	81.423309	99.294708	0	0	97.495056	0	99.336189	0	97.499313	0	100	0	0	97.477982	0	97.466766	97.509583	0	97.499359	97.501328	99.263260	97.596130	0	97.518837	99.998642	80.779236
Bacillus_cereus_TK1_1	0	0	0	97.024368	0	0	0	0	0	0	0	91.624680	0	0	0	0	0	98.037666	0	0	91.745041	0	99.114899	0	0	96.803825	96.843338	0	96.805130	0	91.600266	0	96.856316	0	100	98.480988	0	96.801117	0	0	91.757141	0	0	0	0	91.789429	0	0	0
Bacillus_cereus_A22	0	0	0	97.385948	0	0	0	0	0	0	0	91.704880	0	0	0	0	0	98.256195	0	0	91.883789	0	98.491646	0	0	96.863174	96.866806	0	97.064011	0	91.647858	0	96.917000	0	98.480988	100	0	97.078033	0	0	91.829330	0	0	0	0	91.862648	0	0	0
Bacillus_velezensis_HD25_1	99.998535	99.999008	99.999146	0	98.054283	0	99.994308	97.520142	99.999344	99.997681	97.549576	0	99.998322	99.998276	80.791199	97.639252	99.999649	0	99.998772	98.003792	0	97.499329	0	81.417419	97.569962	0	0	99.999557	0	97.530258	0	99.995979	0	97.477982	0	0	100	0	98.657593	99.993896	0	99.995628	99.997383	97.530319	98.072891	0	99.998184	97.510651	80.804047
Bacillus_cereus_HD24	0	0	0	98.320236	0	0	0	0	0	0	0	91.817787	0	0	0	0	0	96.963631	0	0	91.938400	0	96.847809	0	0	98.628822	98.813637	0	99.998833	0	91.855347	0	98.663513	0	96.801117	97.078033	0	100	0	0	92.106483	0	0	0	0	92.123466	0	0	0
Bacillus_velezensis_KT1_NODE_10_length_143108_cov_90855010	98.639633	98.631546	98.654556	0	98.019791	0	98.639633	97.457558	98.661514	98.634964	97.488312	0	98.662758	98.633400	80.800011	97.689041	98.636200	0	98.640190	97.988602	0	97.511078	0	81.131531	97.501808	0	0	98.663773	0	97.449951	0	98.648300	0	97.466766	0	0	98.657593	0	100	98.620956	0	98.650276	98.651596	97.422325	98.025665	0	98.651855	97.471863	80.796112
Bacillus_velezensis_S2_NODE_10_length_119420_cov_99542847	99.993958	99.991768	99.995361	0	98.055092	0	99.994598	97.498413	99.993866	99.996979	97.549774	0	99.993156	99.995819	80.772720	97.611008	99.994110	0	99.992897	98.004173	0	97.516441	0	81.265457	97.560028	0	0	99.996033	0	97.546059	0	99.994003	0	97.509583	0	0	99.993896	0	98.620956	100	0	99.996269	99.993393	97.520325	98.067902	0	99.995712	97.528931	80.841377
Bacillus_tropicus_CD3_2_NODE_10_length_210661_cov_36066463	0	0	0	92.111481	0	0	0	0	0	0	0	95.430275	0	0	0	0	0	91.787735	0	0	95.358276	0	91.811447	0	0	92.085052	92.040894	0	92.094986	0	95.011658	0	92.191338	0	91.757141	91.829330	0	92.106483	0	0	100	0	0	0	0	99.441154	0	0	0
Bacillus_velezensis_TL7_NODE_10_length_122469_cov_82089401	99.986374	99.987625	99.997253	0	98.056183	0	99.996262	97.483902	99.995865	99.997437	97.542618	0	99.992371	99.983963	80.846649	97.621323	99.995148	0	99.996307	98.019119	0	97.493179	0	81.236588	97.544327	0	0	99.995514	0	97.504951	0	99.994965	0	97.499359	0	0	99.995628	0	98.650276	99.996269	0	100	99.995468	97.527367	98.043335	0	99.994644	97.544029	80.822083
Bacillus_velezensis_HD31B_1	99.987259	99.997620	99.996750	0	98.044189	0	99.997360	97.478760	99.997131	99.997543	97.543411	0	99.999268	99.988678	80.841766	97.636223	99.994186	0	99.995872	97.990868	0	97.501244	0	81.296494	97.554245	0	0	99.997986	0	97.526299	0	99.998932	0	97.501328	0	0	99.997383	0	98.651596	99.993393	0	99.995468	100	97.509727	98.067200	0	99.996292	97.517014	80.881310
Bacillus_velezensis_TK2_NODE_10_length_55050_cov_94299256	97.526566	97.546432	97.553185	0	97.524200	0	97.527328	99.248924	97.537018	97.556305	99.296188	0	97.532669	97.507782	80.817093	98.536308	97.514847	0	97.520302	97.532768	0	99.328278	0	81.288101	99.265877	0	0	97.543358	0	99.305763	0	97.552002	0	99.263260	0	0	97.530319	0	97.422325	97.520325	0	97.527367	97.509727	100	97.528069	0	97.535004	99.275101	80.871979
Bacillus_velezensis_MR21A_1	98.056519	98.074356	98.054077	0	99.995102	0	98.051552	97.558517	98.070938	98.071533	97.589241	0	98.036026	98.056961	80.923172	97.696846	98.070877	0	98.090500	98.819870	0	97.615356	0	81.314079	97.593956	0	0	98.040306	0	97.588867	0	98.058678	0	97.596130	0	0	98.072891	0	98.025665	98.067902	0	98.043335	98.067200	97.528069	100	0	98.064468	97.592163	80.887215
Bacillus_tropicus_0405_02_1_length665755_depth100x	0	0	0	92.103409	0	0	0	0	0	0	0	95.449631	0	0	0	0	0	91.950562	0	0	95.439758	0	91.874710	0	0	92.128365	92.135582	0	92.131668	0	94.976898	0	92.180840	0	91.789429	91.862648	0	92.123466	0	0	99.441154	0	0	0	0	100	0	0	0
Bacillus_velezensis_BT21_1	99.994537	99.995163	99.997757	0	98.067795	0	99.995529	97.502350	99.998344	99.996384	97.546272	0	99.995193	99.995407	80.817856	97.649055	99.998108	0	99.997360	97.985489	0	97.507263	0	81.428802	97.551460	0	0	99.998039	0	97.517815	0	99.992859	0	97.518837	0	0	99.998184	0	98.651855	99.995712	0	99.994644	99.996292	97.535004	98.064468	0	100	97.544357	80.815422
Bacillus_velezensis_OL11_1	97.513748	97.521469	97.539261	0	97.632553	0	97.515137	99.310196	97.509003	97.522743	99.349060	0	97.523430	97.545654	80.850601	98.526291	97.504547	0	97.502144	97.594330	0	99.344727	0	81.491409	99.288895	0	0	97.524315	0	99.325775	0	97.535706	0	99.998642	0	0	97.510651	0	97.471863	97.528931	0	97.544029	97.517014	99.275101	97.592163	0	97.544357	100	80.815247
Bacillus_subtilis_BPM12_NODE_10	80.868484	80.883438	80.795815	0	80.912323	0	80.902466	80.876907	80.793549	80.831955	80.862419	0	80.854111	80.886932	98.295929	80.682953	80.815170	0	80.857361	80.833771	0	80.866173	0	91.453918	80.809616	0	0	80.739899	0	80.865524	0	80.880066	0	80.779236	0	0	80.804047	0	80.796112	80.841377	0	80.822083	80.881310	80.871979	80.887215	0	80.815422	80.815247	100
